8.463599999999999568e+00
8.463849999999998985e+00
8.464100000000000179e+00
8.464349999999999596e+00
8.464599999999999014e+00
8.464850000000000207e+00
8.465099999999999625e+00
8.465349999999999042e+00
8.465600000000000236e+00
8.465849999999999653e+00
8.466099999999999071e+00
8.466350000000000264e+00
8.466599999999999682e+00
8.466849999999999099e+00
8.467100000000000293e+00
8.467349999999999710e+00
8.467599999999999127e+00
8.467850000000000321e+00
8.468099999999999739e+00
8.468349999999999156e+00
8.468599999999998573e+00
8.468849999999999767e+00
8.469099999999999184e+00
8.469349999999998602e+00
8.469599999999999795e+00
8.469849999999999213e+00
8.470099999999998630e+00
8.470349999999999824e+00
8.470599999999999241e+00
8.470849999999998658e+00
8.471099999999999852e+00
8.471349999999999270e+00
8.471599999999998687e+00
8.471849999999999881e+00
8.472099999999999298e+00
8.472349999999998715e+00
8.472599999999999909e+00
8.472849999999999326e+00
8.473099999999998744e+00
8.473349999999999937e+00
8.473599999999999355e+00
8.473849999999998772e+00
8.474099999999999966e+00
8.474349999999999383e+00
8.474599999999998801e+00
8.474849999999999994e+00
8.475099999999999412e+00
8.475349999999998829e+00
8.475600000000000023e+00
8.475849999999999440e+00
8.476099999999998857e+00
8.476350000000000051e+00
8.476599999999999469e+00
8.476849999999998886e+00
8.477100000000000080e+00
8.477349999999999497e+00
8.477599999999998914e+00
8.477850000000000108e+00
8.478099999999999525e+00
8.478349999999998943e+00
8.478600000000000136e+00
8.478849999999999554e+00
8.479099999999998971e+00
8.479349999999998388e+00
8.479599999999999582e+00
8.479849999999999000e+00
8.480099999999998417e+00
8.480349999999999611e+00
8.480599999999999028e+00
8.480849999999998445e+00
8.481099999999999639e+00
8.481349999999999056e+00
8.481599999999998474e+00
8.481849999999999667e+00
8.482099999999999085e+00
8.482349999999998502e+00
8.482599999999999696e+00
8.482849999999999113e+00
8.483099999999998531e+00
8.483349999999999724e+00
8.483599999999999142e+00
