4.999999999999999774e-07
5.000049749999999765e-02
1.000004949999999948e-01
1.500004924999999711e-01
2.000004899999999752e-01
2.500004874999999793e-01
3.000004849999999834e-01
3.500004824999999875e-01
4.000004799999999916e-01
4.500004774999999957e-01
5.000004749999999998e-01
5.500004724999999484e-01
6.000004699999998969e-01
6.500004674999999565e-01
7.000004649999999051e-01
7.500004624999999647e-01
8.000004599999999133e-01
8.500004574999998619e-01
9.000004549999999215e-01
9.500004524999998701e-01
1.000000449999999930e+00
1.050000447499999989e+00
1.100000445000000049e+00
1.150000442500000108e+00
1.200000439999999946e+00
1.250000437500000006e+00
1.300000435000000065e+00
1.350000432499999903e+00
1.400000429999999962e+00
1.450000427500000022e+00
1.500000425000000082e+00
1.550000422499999919e+00
1.600000419999999979e+00
1.650000417500000038e+00
1.700000414999999876e+00
1.750000412499999936e+00
1.800000409999999995e+00
1.850000407500000055e+00
1.900000404999999892e+00
1.950000402499999952e+00
2.000000399999999789e+00
2.050000397499999849e+00
2.100000394999999909e+00
2.150000392499999968e+00
2.200000390000000028e+00
2.250000387500000087e+00
2.300000385000000147e+00
2.350000382499999763e+00
2.400000379999999822e+00
2.450000377499999882e+00
2.500000374999999941e+00
2.550000372500000001e+00
2.600000370000000061e+00
2.650000367500000120e+00
2.700000364999999736e+00
2.750000362499999795e+00
2.800000359999999855e+00
2.850000357499999915e+00
2.900000354999999974e+00
2.950000352500000034e+00
3.000000350000000093e+00
3.050000347499999709e+00
3.100000344999999768e+00
3.150000342499999828e+00
3.200000339999999888e+00
3.250000337499999947e+00
3.300000335000000007e+00
3.350000332500000066e+00
3.400000329999999682e+00
3.450000327499999742e+00
3.500000324999999801e+00
3.550000322499999861e+00
3.600000319999999920e+00
3.650000317499999980e+00
3.700000315000000040e+00
3.750000312499999655e+00
3.800000309999999715e+00
3.850000307499999774e+00
3.900000304999999834e+00
3.950000302499999894e+00
4.000000299999999953e+00
4.050000297499999569e+00
4.100000294999999184e+00
4.150000292499999688e+00
4.200000289999999303e+00
4.250000287499999807e+00
4.300000284999999423e+00
4.350000282499999038e+00
4.400000279999999542e+00
4.450000277499999157e+00
4.500000274999999661e+00
4.550000272499999276e+00
4.600000269999999780e+00
4.650000267499999396e+00
4.700000264999999011e+00
4.750000262499999515e+00
4.800000259999999130e+00
4.850000257499999634e+00
4.900000254999999250e+00
4.950000252499999753e+00
5.000000249999999369e+00
5.050000247499998984e+00
5.100000244999999488e+00
5.150000242499999104e+00
5.200000239999999607e+00
5.250000237499999223e+00
5.300000234999999726e+00
5.350000232499999342e+00
5.400000229999998957e+00
5.450000227499999461e+00
5.500000224999999077e+00
5.550000222499999580e+00
5.600000219999999196e+00
5.650000217499999700e+00
5.700000214999999315e+00
5.750000212499998931e+00
5.800000209999999434e+00
5.850000207499999050e+00
5.900000204999999553e+00
5.950000202499999169e+00
6.000000199999999673e+00
6.050000197499999288e+00
6.100000194999998904e+00
6.150000192499999407e+00
6.200000189999999023e+00
6.250000187499999527e+00
6.300000184999999142e+00
6.350000182499999646e+00
6.400000179999999261e+00
6.450000177499998877e+00
6.500000174999999381e+00
6.550000172499998996e+00
6.600000169999999500e+00
6.650000167499999115e+00
6.700000164999999619e+00
6.750000162499999234e+00
6.800000159999998850e+00
6.850000157499999354e+00
6.900000154999998969e+00
6.950000152499999473e+00
7.000000149999999088e+00
7.050000147499999592e+00
7.100000144999999208e+00
7.150000142499998823e+00
7.200000139999999327e+00
7.250000137499998942e+00
7.300000134999999446e+00
7.350000132499999062e+00
7.400000129999999565e+00
7.450000127499999181e+00
7.500000124999998796e+00
7.550000122499999300e+00
7.600000119999998915e+00
7.650000117499999419e+00
7.700000114999999035e+00
7.750000112499999538e+00
7.800000109999999154e+00
7.850000107499998769e+00
7.900000104999999273e+00
7.950000102499998889e+00
8.000000099999999392e+00
8.050000097499999896e+00
8.100000095000000400e+00
8.150000092500000903e+00
8.200000089999999631e+00
8.250000087500000134e+00
8.300000085000000638e+00
8.350000082499999365e+00
8.400000079999999869e+00
8.450000077500000373e+00
8.500000075000000876e+00
8.550000072499999604e+00
8.600000070000000107e+00
8.650000067500000611e+00
8.700000064999999339e+00
8.750000062499999842e+00
8.800000060000000346e+00
8.850000057500000850e+00
8.900000054999999577e+00
8.950000052500000081e+00
9.000000050000000584e+00
9.050000047499999312e+00
9.100000044999999815e+00
9.150000042500000319e+00
9.200000040000000823e+00
9.250000037499999550e+00
9.300000035000000054e+00
9.350000032500000557e+00
9.400000029999999285e+00
9.450000027499999788e+00
9.500000025000000292e+00
9.550000022500000796e+00
9.600000019999999523e+00
9.650000017500000027e+00
9.700000015000000531e+00
9.750000012499999258e+00
9.800000009999999762e+00
9.850000007500000265e+00
9.900000005000000769e+00
9.950000002499999496e+00
1.000000000000000000e+01
